camera_matrix:
- - 1462.5643532730646
  - 0.0
  - 960.2993369285106
- - 0.0
  - 1468.7815623262848
  - 545.6944347797805
- - 0.0
  - 0.0
  - 1.0
distance_coefficients:
- - -0.34368218674069867
  - 0.09091802615116425
  - -0.004408612747176314
  - -0.00044732398905404695
  - 0.018232651429708882
